
WK0 = [-22.356787 85.912460];
RK0 = [-7.5977237626584365e-06 -4.617458623370157e-06 -4.243185905711808e-07 5.238664624631662e-06 1.2661511372866501e-05 2.2168599478214192e-05 3.4119538884911e-05 4.89095337747343e-05 6.696915200290912e-05 8.876342573073745e-05 0.0001147902137355905 0.00014557776513569008 0.00018168143617845463 0.00022367952621741286 0.00027216821585898253 0.0003277556092154783 0.0003910549028787102 0.0004626767261656398 0.0005432207198419041 0.0006332664432951556 0.0007333637223566974 0.0008440225709800646 0.0009657028391002589 0.0010988037555604803 0.0012436535483949728 0.0014004993344584437 0.0015694974759500268 0.0017507046024614645 0.0019440694935834691 0.0021494260087695912 0.002366487238169241 0.002594841030733221 0.002833947034441033 0.003083135358504137 0.0033416069394826184 0.0036084356631260733 0.003882572262192361 0.004162849978329325 0.004447991944153493 0.004736620210735469 0.005027266316564921 0.005318383267404137 0.005608358772836323 0.005895529565244219 0.006178196610759253 0.0064546410096069755 0.006723140375310554 0.0069819854783370145 0.007229496939796574 0.007464041764443449 0.0076840495091012855 0.007888027892308965 0.008074577662976251 0.008242406559663634 0.008390342207277874 0.008517343814059043 0.008622512548332455 0.008705100491283738 0.008764518078736776 0.008800339961403766 0.008812309229244544 0.008800339961403766 0.008764518078736776 0.008705100491283738 0.008622512548332455 0.008517343814059043 0.008390342207277874 0.008242406559663634 0.008074577662976251 0.007888027892308965 0.0076840495091012855 0.007464041764443449 0.007229496939796574 0.0069819854783370145 0.006723140375310554 0.0064546410096069755 0.006178196610759253 0.005895529565244219 0.005608358772836323 0.005318383267404137 0.005027266316564921 0.004736620210735469 0.004447991944153493 0.004162849978329325 0.003882572262192361 0.0036084356631260733 0.0033416069394826184 0.003083135358504137 0.002833947034441033 0.002594841030733221 0.002366487238169241 0.0021494260087695912 0.0019440694935834691 0.0017507046024614645 0.0015694974759500268 0.0014004993344584437 0.0012436535483949728 0.0010988037555604803 0.0009657028391002589 0.0008440225709800646 0.0007333637223566974 0.0006332664432951556 0.0005432207198419041 0.0004626767261656398 0.0003910549028787102 0.0003277556092154783 0.00027216821585898253 0.00022367952621741286 0.00018168143617845463 0.00014557776513569008 0.0001147902137355905 8.876342573073745e-05 6.696915200290912e-05 4.89095337747343e-05 3.4119538884911e-05 2.2168599478214192e-05 1.2661511372866501e-05 5.238664624631662e-06 -4.243185905711808e-07 -4.617458623370157e-06 -7.5977237626584365e-06 ];
IK0 = [6.567041732438569e-05 7.757586651456923e-05 9.110599319078506e-05 0.00010639039037257059 0.00012355373231083894 0.00014271268995911756 0.00016397255712825444 0.00018742363075110755 0.00021313740182291334 0.00024116262673746095 0.000271521361463943 0.000304205052820326 0.00033917079148730746 0.0003763378398557237 0.0004155845538041958 0.00045674582058962006 0.0004996111347808883 0.00054392343023106 0.0005893787782151397 0.0006356270499232186 0.0006822736254843395 0.0007288822117375781 0.00077497880734326 0.0008200568269674045 0.0008635833667496587 0.000905006561787005 0.0009437639537592736 0.0009792917540121689 0.001011034855394382 0.0010384574159528648 0.0010610538102662334 0.0010783597207525912 0.0010899631226703207 0.0010955149035816254 0.0010947388514753061 0.0010874407460870626 0.0010735162955594622 0.0010529576755843072 0.0010258584504768237 0.0009924166849224977 0.0009529360908640125 0.0009078250953900578 0.0008575937615827922 0.0008028485439350246 0.000744284911877971 0.0006826779277767077 0.0006188709180004186 0.0005537624258857348 0.0004882916821373003 0.00042342287007455067 0.00036012849887640306 0.00029937222648961174 0.00024209149423580283 0.00018918034668071574 0.00014147281256464216 9.972721534250743e-05 6.461176521989778e-05 3.6691758839177325e-05 1.6418678568053e-05 4.1214415145938045e-06 0.0 4.1214415145938045e-06 1.6418678568053e-05 3.6691758839177325e-05 6.461176521989778e-05 9.972721534250743e-05 0.00014147281256464216 0.00018918034668071574 0.00024209149423580283 0.00029937222648961174 0.00036012849887640306 0.00042342287007455067 0.0004882916821373003 0.0005537624258857348 0.0006188709180004186 0.0006826779277767077 0.000744284911877971 0.0008028485439350246 0.0008575937615827922 0.0009078250953900578 0.0009529360908640125 0.0009924166849224977 0.0010258584504768237 0.0010529576755843072 0.0010735162955594622 0.0010874407460870626 0.0010947388514753061 0.0010955149035816254 0.0010899631226703207 0.0010783597207525912 0.0010610538102662334 0.0010384574159528648 0.001011034855394382 0.0009792917540121689 0.0009437639537592736 0.000905006561787005 0.0008635833667496587 0.0008200568269674045 0.00077497880734326 0.0007288822117375781 0.0006822736254843395 0.0006356270499232186 0.0005893787782151397 0.00054392343023106 0.0004996111347808883 0.00045674582058962006 0.0004155845538041958 0.0003763378398557237 0.00033917079148730746 0.000304205052820326 0.000271521361463943 0.00024116262673746095 0.00021313740182291334 0.00018742363075110755 0.00016397255712825444 0.00014271268995911756 0.00012355373231083894 0.00010639039037257059 9.110599319078506e-05 7.757586651456923e-05 6.567041732438569e-05 ];
WK1 = [35.918936 -28.875618];
